[   0.00348    0.00348    0.0034    0.00327    0.00311    0.00293    0.00274    0.00254    0.00234    0.00215    0.00197    0.0018    0.00163    0.00148    0.00134    0.00121    0.0011    0.00099    0.0009    0.00081    0.00073    0.00067    0.00061    0.00056    0.00051    0.00048    0.00044    0.00042    0.00039    0.00038    0.00036    0.00035    0.00034    0.00033    0.00033    0.00032    0.00032    0.00032    0.00032    0.00032    ]
[   0.00348    0.00348    0.0034    0.00327    0.00311    0.00293    0.00274    0.00254    0.00234    0.00215    0.00197    0.0018    0.00163    0.00148    0.00134    0.00121    0.0011    0.00099    0.0009    0.00081    0.00073    0.00067    0.00061    0.00056    0.00051    0.00048    0.00044    0.00042    0.00039    0.00038    0.00036    0.00035    0.00034    0.00033    0.00033    0.00032    0.00032    0.00032    0.00032    0.00032    ]
[   0.00348    0.00348    0.00341    0.00328    0.00311    0.00293    0.00274    0.00254    0.00234    0.00215    0.00197    0.0018    0.00163    0.00148    0.00134    0.00122    0.0011    0.00099    0.0009    0.00081    0.00074    0.00067    0.00061    0.00056    0.00052    0.00048    0.00045    0.00042    0.0004    0.00038    0.00036    0.00035    0.00034    0.00033    0.00033    0.00032    0.00032    0.00032    0.00032    0.00032    ]
[   0.00352    0.00352    0.00344    0.00331    0.00315    0.00297    0.00278    0.00258    0.00239    0.0022    0.00202    0.00184    0.00168    0.00152    0.00138    0.00125    0.00113    0.00102    0.00093    0.00084    0.00076    0.00069    0.00063    0.00058    0.00053    0.00049    0.00046    0.00043    0.00041    0.00039    0.00037    0.00036    0.00034    0.00034    0.00033    0.00033    0.00032    0.00032    0.00032    0.00032    ]
[   0.00359    0.00359    0.00352    0.00341    0.00325    0.00308    0.0029    0.0027    0.00251    0.00232    0.00213    0.00196    0.00179    0.00163    0.00148    0.00134    0.00122    0.0011    0.001    0.00091    0.00082    0.00075    0.00068    0.00062    0.00057    0.00053    0.00049    0.00046    0.00043    0.00041    0.00039    0.00037    0.00036    0.00035    0.00034    0.00033    0.00033    0.00033    0.00033    0.00033    ]
[   0.0037    0.0037    0.00365    0.00355    0.00342    0.00326    0.00309    0.0029    0.00271    0.00252    0.00233    0.00215    0.00197    0.0018    0.00165    0.0015    0.00136    0.00124    0.00112    0.00102    0.00093    0.00084    0.00077    0.0007    0.00064    0.00059    0.00054    0.0005    0.00047    0.00044    0.00042    0.00039    0.00038    0.00036    0.00035    0.00035    0.00034    0.00034    0.00033    0.00033    ]
[   0.00385    0.00385    0.00381    0.00373    0.00362    0.00348    0.00332    0.00314    0.00296    0.00277    0.00258    0.00239    0.00221    0.00203    0.00187    0.00171    0.00156    0.00142    0.00129    0.00117    0.00107    0.00097    0.00088    0.0008    0.00073    0.00067    0.00061    0.00057    0.00052    0.00049    0.00046    0.00043    0.00041    0.00039    0.00038    0.00036    0.00036    0.00035    0.00035    0.00035    ]
[   0.00401    0.00401    0.00398    0.00392    0.00383    0.0037    0.00356    0.0034    0.00322    0.00303    0.00284    0.00265    0.00246    0.00228    0.0021    0.00193    0.00176    0.00161    0.00147    0.00134    0.00122    0.00111    0.00101    0.00092    0.00083    0.00076    0.0007    0.00064    0.00059    0.00054    0.00051    0.00047    0.00045    0.00042    0.0004    0.00039    0.00037    0.00037    0.00036    0.00036    ]
[   0.00418    0.00418    0.00415    0.0041    0.00402    0.00391    0.00377    0.00362    0.00345    0.00326    0.00307    0.00288    0.00268    0.00249    0.0023    0.00212    0.00195    0.00178    0.00163    0.00149    0.00135    0.00123    0.00112    0.00102    0.00093    0.00084    0.00077    0.0007    0.00065    0.0006    0.00055    0.00051    0.00048    0.00045    0.00043    0.00041    0.0004    0.00039    0.00038    0.00038    ]
[   0.00434    0.00434    0.00432    0.00427    0.00419    0.00408    0.00394    0.00379    0.00362    0.00343    0.00324    0.00304    0.00284    0.00264    0.00245    0.00226    0.00208    0.00191    0.00174    0.00159    0.00145    0.00132    0.0012    0.00109    0.00099    0.0009    0.00082    0.00075    0.00069    0.00063    0.00059    0.00054    0.00051    0.00048    0.00045    0.00043    0.00042    0.0004    0.0004    0.0004    ]
[   0.00451    0.00451    0.00448    0.00442    0.00433    0.00421    0.00407    0.00391    0.00373    0.00354    0.00334    0.00313    0.00293    0.00273    0.00253    0.00233    0.00215    0.00197    0.0018    0.00165    0.0015    0.00137    0.00124    0.00113    0.00103    0.00094    0.00085    0.00078    0.00071    0.00066    0.00061    0.00056    0.00053    0.0005    0.00047    0.00045    0.00043    0.00042    0.00042    0.00042    ]
[   0.00468    0.00468    0.00464    0.00457    0.00446    0.00433    0.00418    0.004    0.00381    0.00361    0.00341    0.00319    0.00298    0.00277    0.00257    0.00237    0.00219    0.00201    0.00184    0.00168    0.00153    0.00139    0.00127    0.00115    0.00105    0.00096    0.00087    0.0008    0.00073    0.00067    0.00062    0.00058    0.00054    0.00051    0.00049    0.00047    0.00045    0.00045    0.00044    0.00044    ]
[   0.00487    0.00487    0.00482    0.00473    0.00461    0.00447    0.0043    0.00411    0.00391    0.0037    0.00349    0.00327    0.00305    0.00284    0.00263    0.00243    0.00224    0.00206    0.00188    0.00172    0.00157    0.00143    0.0013    0.00119    0.00108    0.00099    0.0009    0.00083    0.00076    0.0007    0.00065    0.0006    0.00057    0.00054    0.00051    0.00049    0.00048    0.00047    0.00047    0.00047    ]
[   0.0051    0.0051    0.00504    0.00495    0.00482    0.00466    0.00449    0.00429    0.00409    0.00387    0.00365    0.00342    0.0032    0.00298    0.00276    0.00256    0.00236    0.00217    0.00199    0.00182    0.00167    0.00152    0.00139    0.00127    0.00116    0.00105    0.00096    0.00088    0.00081    0.00075    0.0007    0.00065    0.00061    0.00058    0.00055    0.00053    0.00052    0.00051    0.00051    0.00051    ]
[   0.00539    0.00539    0.00534    0.00524    0.00511    0.00496    0.00478    0.00459    0.00438    0.00415    0.00393    0.0037    0.00347    0.00324    0.00301    0.00279    0.00259    0.00238    0.00219    0.00202    0.00185    0.00169    0.00155    0.00141    0.00129    0.00118    0.00108    0.00099    0.00091    0.00084    0.00078    0.00073    0.00068    0.00065    0.00062    0.00059    0.00058    0.00057    0.00056    0.00056    ]
[   0.00575    0.00575    0.00571    0.00563    0.00551    0.00536    0.00519    0.005    0.00479    0.00457    0.00434    0.0041    0.00386    0.00363    0.00339    0.00316    0.00294    0.00272    0.00251    0.00232    0.00213    0.00196    0.0018    0.00165    0.00151    0.00138    0.00127    0.00117    0.00107    0.00099    0.00091    0.00085    0.00079    0.00075    0.00071    0.00068    0.00066    0.00064    0.00063    0.00063    ]
[   0.00619    0.00619    0.00616    0.00609    0.00599    0.00586    0.0057    0.00551    0.00531    0.00509    0.00486    0.00462    0.00438    0.00413    0.00388    0.00363    0.00339    0.00316    0.00293    0.00272    0.00251    0.00232    0.00213    0.00196    0.0018    0.00166    0.00152    0.0014    0.00128    0.00118    0.00109    0.00101    0.00094    0.00088    0.00083    0.00079    0.00076    0.00074    0.00072    0.00072    ]
[   0.00671    0.00671    0.00668    0.00663    0.00654    0.00642    0.00627    0.0061    0.0059    0.00568    0.00545    0.00521    0.00495    0.00469    0.00443    0.00417    0.00391    0.00366    0.00341    0.00317    0.00294    0.00272    0.00252    0.00232    0.00214    0.00197    0.00181    0.00167    0.00153    0.00141    0.0013    0.00121    0.00112    0.00105    0.00098    0.00093    0.00089    0.00086    0.00084    0.00084    ]
[   0.0073    0.0073    0.00728    0.00723    0.00715    0.00703    0.00689    0.00672    0.00652    0.0063    0.00606    0.00581    0.00554    0.00527    0.00499    0.00471    0.00444    0.00416    0.00389    0.00363    0.00338    0.00313    0.0029    0.00268    0.00248    0.00229    0.00211    0.00194    0.00179    0.00165    0.00152    0.00141    0.00131    0.00122    0.00114    0.00108    0.00103    0.00099    0.00097    0.00097    ]
[   0.00799    0.00799    0.00796    0.00791    0.00782    0.00769    0.00754    0.00736    0.00715    0.00691    0.00666    0.00639    0.00611    0.00582    0.00552    0.00522    0.00492    0.00462    0.00433    0.00405    0.00377    0.00351    0.00325    0.00301    0.00278    0.00257    0.00237    0.00219    0.00202    0.00186    0.00172    0.0016    0.00149    0.00139    0.00131    0.00124    0.00118    0.00114    0.00112    0.00112    ]
[   0.00878    0.00878    0.00874    0.00867    0.00856    0.00841    0.00824    0.00803    0.0078    0.00754    0.00726    0.00696    0.00666    0.00634    0.00601    0.00569    0.00536    0.00504    0.00473    0.00442    0.00412    0.00383    0.00356    0.0033    0.00305    0.00282    0.00261    0.00241    0.00223    0.00206    0.00191    0.00178    0.00166    0.00156    0.00147    0.0014    0.00135    0.00131    0.00129    0.00129    ]
[   0.0097    0.0097    0.00965    0.00955    0.00941    0.00923    0.00902    0.00878    0.00851    0.00822    0.00791    0.00758    0.00724    0.00689    0.00653    0.00618    0.00582    0.00548    0.00513    0.0048    0.00448    0.00417    0.00387    0.00359    0.00333    0.00308    0.00285    0.00264    0.00244    0.00227    0.00211    0.00197    0.00185    0.00174    0.00166    0.00159    0.00154    0.00151    0.00149    0.00149    ]
[   0.0108    0.0108    0.01073    0.0106    0.01043    0.01022    0.00997    0.00969    0.00939    0.00905    0.0087    0.00834    0.00796    0.00757    0.00718    0.00679    0.00641    0.00602    0.00565    0.00529    0.00493    0.0046    0.00427    0.00397    0.00368    0.00341    0.00317    0.00294    0.00273    0.00254    0.00237    0.00222    0.00209    0.00198    0.0019    0.00183    0.00178    0.00175    0.00174    0.00174    ]
[   0.01215    0.01215    0.01206    0.01192    0.01172    0.01148    0.0112    0.01089    0.01054    0.01018    0.00979    0.00938    0.00896    0.00854    0.00811    0.00768    0.00725    0.00682    0.00641    0.006    0.00561    0.00524    0.00488    0.00454    0.00422    0.00392    0.00364    0.00338    0.00315    0.00294    0.00275    0.00258    0.00244    0.00232    0.00222    0.00215    0.00209    0.00206    0.00205    0.00205    ]
[   0.01381    0.01381    0.01372    0.01357    0.01336    0.01311    0.01281    0.01247    0.0121    0.01171    0.01128    0.01084    0.01038    0.00991    0.00943    0.00895    0.00847    0.008    0.00753    0.00708    0.00663    0.0062    0.00579    0.0054    0.00503    0.00468    0.00436    0.00406    0.00378    0.00353    0.00331    0.00311    0.00294    0.00279    0.00267    0.00257    0.00251    0.00246    0.00244    0.00244    ]
[   0.01584    0.01584    0.01577    0.01563    0.01543    0.01517    0.01487    0.01452    0.01413    0.01371    0.01326    0.01278    0.01228    0.01176    0.01123    0.0107    0.01016    0.00963    0.0091    0.00857    0.00806    0.00757    0.00709    0.00663    0.00619    0.00577    0.00538    0.00502    0.00468    0.00437    0.00409    0.00384    0.00362    0.00343    0.00327    0.00314    0.00305    0.00298    0.00294    0.00294    ]
[   0.01829    0.01829    0.01823    0.01811    0.01793    0.01769    0.01739    0.01704    0.01664    0.01619    0.01571    0.0152    0.01466    0.01409    0.01351    0.01291    0.01231    0.0117    0.01109    0.01049    0.0099    0.00932    0.00876    0.00821    0.00769    0.00719    0.00672    0.00627    0.00585    0.00547    0.00512    0.0048    0.00451    0.00426    0.00405    0.00387    0.00373    0.00363    0.00357    0.00357    ]
[   0.02121    0.02121    0.02116    0.02105    0.02088    0.02064    0.02034    0.01999    0.01957    0.0191    0.01859    0.01803    0.01744    0.01681    0.01616    0.01549    0.01481    0.01412    0.01343    0.01273    0.01204    0.01137    0.01071    0.01006    0.00944    0.00884    0.00828    0.00774    0.00723    0.00676    0.00632    0.00592    0.00556    0.00524    0.00497    0.00473    0.00454    0.0044    0.00432    0.00432    ]
[   0.02464    0.02464    0.02459    0.02447    0.02429    0.02404    0.02372    0.02333    0.02287    0.02236    0.02179    0.02117    0.0205    0.0198    0.01906    0.0183    0.01752    0.01673    0.01593    0.01513    0.01433    0.01355    0.01278    0.01202    0.0113    0.01059    0.00992    0.00929    0.00868    0.00812    0.0076    0.00713    0.00669    0.00631    0.00597    0.00569    0.00545    0.00528    0.00519    0.00519    ]
[   0.02862    0.02862    0.02856    0.02842    0.02819    0.02789    0.02751    0.02704    0.02651    0.02591    0.02524    0.02452    0.02375    0.02293    0.02208    0.0212    0.0203    0.01939    0.01846    0.01754    0.01662    0.01571    0.01482    0.01395    0.01311    0.0123    0.01153    0.01079    0.0101    0.00946    0.00886    0.00832    0.00782    0.00739    0.00701    0.00669    0.00643    0.00625    0.00615    0.00615    ]
[   0.03324    0.03324    0.03314    0.03293    0.03262    0.03222    0.03173    0.03115    0.03049    0.02975    0.02895    0.02809    0.02717    0.02621    0.0252    0.02417    0.02312    0.02206    0.02099    0.01992    0.01886    0.01782    0.0168    0.01581    0.01485    0.01393    0.01306    0.01223    0.01145    0.01074    0.01008    0.00948    0.00894    0.00847    0.00807    0.00774    0.00748    0.0073    0.00721    0.00721    ]
[   0.03859    0.03859    0.03842    0.03812    0.03769    0.03715    0.03651    0.03577    0.03495    0.03404    0.03306    0.03201    0.03091    0.02977    0.02858    0.02737    0.02614    0.0249    0.02366    0.02242    0.02121    0.02001    0.01885    0.01772    0.01664    0.01561    0.01463    0.01371    0.01285    0.01207    0.01135    0.0107    0.01013    0.00964    0.00923    0.00891    0.00866    0.0085    0.00843    0.00843    ]
[   0.04483    0.04483    0.04459    0.04417    0.04361    0.04292    0.04211    0.04119    0.04018    0.03908    0.0379    0.03665    0.03534    0.03398    0.03259    0.03116    0.02973    0.02828    0.02685    0.02542    0.02402    0.02265    0.02132    0.02003    0.0188    0.01764    0.01653    0.0155    0.01455    0.01368    0.01289    0.01219    0.01158    0.01106    0.01063    0.0103    0.01006    0.00992    0.00985    0.00985    ]
[   0.05217    0.05217    0.05188    0.05138    0.0507    0.04988    0.04891    0.04783    0.04663    0.04533    0.04395    0.04248    0.04095    0.03937    0.03774    0.03609    0.03442    0.03274    0.03107    0.02942    0.02779    0.02621    0.02467    0.02318    0.02176    0.02042    0.01915    0.01796    0.01687    0.01587    0.01497    0.01417    0.01348    0.01289    0.01242    0.01205    0.01179    0.01163    0.01155    0.01155    ]
[   0.06086    0.06086    0.06056    0.06002    0.05929    0.05837    0.0573    0.05608    0.05473    0.05326    0.05168    0.05001    0.04826    0.04644    0.04457    0.04266    0.04073    0.03878    0.03684    0.03492    0.03302    0.03117    0.02936    0.02762    0.02595    0.02435    0.02285    0.02144    0.02014    0.01894    0.01786    0.0169    0.01605    0.01534    0.01475    0.01428    0.01394    0.01373    0.01362    0.01362    ]
[   0.07106    0.07106    0.0708    0.07029    0.06955    0.06861    0.06749    0.06619    0.06472    0.06311    0.06137    0.05951    0.05754    0.05549    0.05337    0.05119    0.04897    0.04673    0.04448    0.04223    0.04001    0.03783    0.03569    0.03362    0.03162    0.02971    0.0279    0.02618    0.02459    0.02311    0.02176    0.02055    0.01947    0.01854    0.01776    0.01712    0.01664    0.01631    0.01614    0.01614    ]
[   0.08289    0.08289    0.08267    0.08222    0.08153    0.08061    0.07947    0.07812    0.07658    0.07485    0.07296    0.07092    0.06874    0.06645    0.06406    0.06159    0.05906    0.05648    0.05388    0.05128    0.04868    0.04611    0.04359    0.04113    0.03874    0.03644    0.03424    0.03215    0.03018    0.02835    0.02666    0.02513    0.02374    0.02253    0.02148    0.02061    0.01992    0.01942    0.01915    0.01915    ]
[   0.09641    0.09641    0.09622    0.09581    0.09515    0.09423    0.09307    0.09166    0.09002    0.08816    0.08609    0.08385    0.08143    0.07887    0.07617    0.07337    0.07049    0.06754    0.06454    0.06153    0.05851    0.05551    0.05255    0.04964    0.04681    0.04407    0.04144    0.03893    0.03655    0.03432    0.03225    0.03035    0.02863    0.02709    0.02575    0.02461    0.02369    0.02301    0.02262    0.02262    ]
[   0.11165    0.11165    0.11146    0.11102    0.11031    0.10932    0.10804    0.10648    0.10466    0.10258    0.10026    0.09772    0.09498    0.09207    0.089    0.0858    0.08249    0.0791    0.07565    0.07216    0.06867    0.0652    0.06176    0.05837    0.05507    0.05187    0.04879    0.04584    0.04305    0.04042    0.03797    0.03571    0.03366    0.03183    0.03022    0.02885    0.02773    0.02691    0.02643    0.02643    ]
[   0.12864    0.12864    0.12837    0.1278    0.12692    0.1257    0.12416    0.12231    0.12015    0.11769    0.11497    0.11201    0.10881    0.10542    0.10185    0.09814    0.09431    0.09039    0.08641    0.0824    0.07838    0.07438    0.07043    0.06655    0.06277    0.05911    0.05558    0.05222    0.04904    0.04605    0.04327    0.04072    0.03841    0.03635    0.03456    0.03304    0.03183    0.03095    0.03046    0.03046    ]
[   0.1474    0.1474    0.14697    0.14614    0.14491    0.1433    0.14132    0.13898    0.1363    0.1333    0.13001    0.12645    0.12265    0.11864    0.11445    0.11011    0.10565    0.10111    0.09652    0.0919    0.0873    0.08275    0.07826    0.07387    0.06961    0.0655    0.06157    0.05783    0.05431    0.05103    0.048    0.04523    0.04275    0.04057    0.03869    0.03715    0.03594    0.03511    0.03467    0.03467    ]
[   0.16805    0.16805    0.16738    0.16616    0.16445    0.1623    0.15972    0.15674    0.1534    0.14971    0.1457    0.14141    0.13688    0.13213    0.1272    0.12213    0.11695    0.1117    0.10643    0.10116    0.09593    0.09077    0.08572    0.08081    0.07606    0.07151    0.06718    0.0631    0.05927    0.05574    0.0525    0.04959    0.04701    0.04477    0.0429    0.04139    0.04027    0.03953    0.03917    0.03917    ]
[   0.19091    0.19091    0.18996    0.18831    0.18608    0.18332    0.18009    0.17642    0.17234    0.16789    0.1631    0.15802    0.15267    0.14711    0.14137    0.1355    0.12953    0.12351    0.11748    0.11149    0.10557    0.09975    0.09408    0.08859    0.08331    0.07828    0.07351    0.06903    0.06488    0.06106    0.0576    0.05452    0.05182    0.04953    0.04764    0.04616    0.0451    0.04444    0.04414    0.04414    ]
[   0.21647    0.21647    0.21532    0.21334    0.21067    0.2074    0.20359    0.19929    0.19453    0.18935    0.1838    0.17792    0.17177    0.16537    0.15879    0.15207    0.14525    0.1384    0.13154    0.12474    0.11803    0.11145    0.10505    0.09887    0.09293    0.08728    0.08195    0.07696    0.07234    0.06811    0.06429    0.06091    0.05796    0.05548    0.05345    0.05188    0.05077    0.05008    0.04978    0.04978    ]
[   0.2452    0.2452    0.24402    0.24193    0.23905    0.23548    0.23129    0.22652    0.22123    0.21545    0.20924    0.20266    0.19574    0.18855    0.18113    0.17354    0.16584    0.15808    0.15032    0.1426    0.13497    0.1275    0.12021    0.11316    0.10638    0.09992    0.09381    0.08809    0.08278    0.0779    0.07349    0.06956    0.06614    0.06322    0.06082    0.05894    0.05758    0.05671    0.0563    0.0563    ]
[   0.27731    0.27731    0.27628    0.27431    0.27148    0.26787    0.26354    0.25853    0.25291    0.24671    0.24    0.23282    0.22524    0.21731    0.2091    0.20065    0.19205    0.18334    0.17458    0.16585    0.15719    0.14866    0.14031    0.1322    0.12438    0.11689    0.10976    0.10305    0.09679    0.091    0.08573    0.08098    0.07678    0.07315    0.07011    0.06765    0.0658    0.06455    0.06392    0.06392    ]
[   0.31269    0.31269    0.31186    0.31014    0.30753    0.30407    0.29978    0.29471    0.28892    0.28244    0.27534    0.26768    0.25951    0.2509    0.24191    0.23262    0.22309    0.21339    0.20359    0.19376    0.18396    0.17425    0.16471    0.1554    0.14636    0.13765    0.12932    0.12143    0.114    0.10709    0.10072    0.09493    0.08974    0.08517    0.08126    0.07801    0.07547    0.07365    0.07266    0.07266    ]
[   0.35104    0.35104    0.35035    0.34883    0.34641    0.34308    0.33883    0.3337    0.32773    0.32097    0.31348    0.3053    0.29652    0.28719    0.2774    0.26721    0.2567    0.24594    0.23503    0.22402    0.21301    0.20206    0.19124    0.18062    0.17028    0.16027    0.15065    0.14148    0.1328    0.12467    0.11712    0.1102    0.10394    0.09836    0.09351    0.08941    0.08611    0.08369    0.0823    0.0823    ]
[   0.39192    0.39192    0.39124    0.38972    0.38725    0.38379    0.37933    0.3739    0.36752    0.36025    0.35214    0.34325    0.33366    0.32343    0.31266    0.30142    0.28979    0.27786    0.26573    0.25347    0.24116    0.22891    0.21677    0.20484    0.19319    0.18189    0.171    0.1606    0.15073    0.14145    0.13282    0.12487    0.11765    0.11119    0.10554    0.10073    0.09684    0.09396    0.0923    0.0923    ]
[   0.43482    0.43482    0.43395    0.43209    0.42917    0.42515    0.42004    0.41386    0.40664    0.39844    0.38931    0.37934    0.36859    0.35716    0.34512    0.33258    0.31962    0.30635    0.29285    0.27923    0.26557    0.25198    0.23853    0.22532    0.21244    0.19995    0.18793    0.17646    0.16559    0.15538    0.1459    0.13719    0.12929    0.12225    0.11612    0.11094    0.1068    0.10379    0.10211    0.10211    ]
[   0.47921    0.47921    0.4779    0.47531    0.47146    0.46639    0.4601    0.45266    0.4441    0.43449    0.42391    0.41244    0.40016    0.38718    0.37358    0.35948    0.34498    0.33019    0.3152    0.30013    0.28508    0.27015    0.25543    0.24103    0.22703    0.21351    0.20055    0.18823    0.17662    0.16578    0.15576    0.14662    0.13841    0.13116    0.12494    0.1198    0.11578    0.11299    0.11154    0.11154    ]
[   0.52473    0.52473    0.52273    0.51908    0.51394    0.50742    0.49958    0.49049    0.48023    0.46888    0.45652    0.44325    0.42918    0.4144    0.39904    0.3832    0.36702    0.35059    0.33403    0.31747    0.30102    0.28477    0.26884    0.25332    0.23832    0.22391    0.21018    0.1972    0.18506    0.1738    0.1635    0.15419    0.14594    0.13878    0.13276    0.12791    0.12428    0.12189    0.12073    0.12073    ]
[   0.57142    0.57142    0.56868    0.56389    0.55739    0.54935    0.53987    0.52907    0.51703    0.50385    0.48964    0.4745    0.45855    0.44193    0.42474    0.40712    0.3892    0.3711    0.35295    0.33487    0.31699    0.29941    0.28226    0.26563    0.24962    0.23433    0.21984    0.20623    0.19358    0.18194    0.17139    0.16196    0.1537    0.14666    0.14085    0.13631    0.13303    0.13097    0.13004    0.13004    ]
[   0.61963    0.61963    0.6164    0.61081    0.60328    0.59404    0.58323    0.57099    0.55743    0.54265    0.52679    0.50996    0.4923    0.47394    0.45502    0.43568    0.41606    0.3963    0.37653    0.35688    0.3375    0.31849    0.29999    0.2821    0.26492    0.24857    0.23311    0.21865    0.20526    0.19299    0.18192    0.1721    0.16355    0.15633    0.15045    0.1459    0.14267    0.14068    0.1398    0.1398    ]
[   0.66929    0.66929    0.66608    0.66033    0.65244    0.64265    0.63113    0.61804    0.60349    0.58761    0.57054    0.55241    0.53337    0.51355    0.49312    0.47223    0.45101    0.42963    0.40824    0.38697    0.36597    0.34537    0.3253    0.30589    0.28725    0.26949    0.2527    0.23697    0.22239    0.20903    0.19696    0.18622    0.17686    0.16892    0.16241    0.15733    0.15366    0.15134    0.15027    0.15027    ]
[   0.71913    0.71913    0.71637    0.71112    0.70361    0.69403    0.68256    0.66932    0.65445    0.63809    0.62038    0.60147    0.58149    0.56062    0.539    0.51681    0.4942    0.47133    0.44838    0.42548    0.4028    0.38049    0.35869    0.33752    0.31713    0.29762    0.27911    0.2617    0.24548    0.23052    0.21692    0.20471    0.19397    0.18472    0.177    0.17081    0.16617    0.16307    0.16151    0.16151    ]
[   0.76622    0.76622    0.76409    0.75968    0.75303    0.74422    0.73335    0.72055    0.70594    0.68965    0.67182    0.65259    0.63214    0.61061    0.58818    0.56501    0.54128    0.51716    0.49282    0.46843    0.44417    0.42019    0.39664    0.37368    0.35144    0.33006    0.30966    0.29035    0.27224    0.25543    0.23998    0.22599    0.2135    0.20258    0.19326    0.18558    0.17959    0.17536    0.17305    0.17305    ]
[   0.80588    0.80588    0.80424    0.80061    0.79484    0.7869    0.77681    0.76465    0.75053    0.73456    0.71688    0.69764    0.677    0.65512    0.63217    0.60834    0.58379    0.55872    0.5333    0.50772    0.48215    0.45676    0.43173    0.40721    0.38336    0.36032    0.33823    0.31721    0.29737    0.27883    0.26167    0.24599    0.23184    0.21931    0.20844    0.19929    0.19195    0.18657    0.18349    0.18349    ]
[   0.83107    0.83107    0.82967    0.82646    0.8212    0.81378    0.80419    0.79245    0.77867    0.76293    0.74538    0.72616    0.70543    0.68336    0.66011    0.63588    0.61084    0.58519    0.55911    0.53279    0.50641    0.48015    0.45419    0.4287    0.40383    0.37975    0.35658    0.33448    0.31355    0.29391    0.27566    0.2589    0.2437    0.23014    0.21828    0.20819    0.19999    0.19389    0.19034    0.19034    ]
[   0.83107    0.83107    0.82967    0.82646    0.8212    0.81378    0.80419    0.79245    0.77867    0.76293    0.74538    0.72616    0.70543    0.68336    0.66011    0.63588    0.61084    0.58519    0.55911    0.53279    0.50641    0.48015    0.45419    0.4287    0.40383    0.37975    0.35658    0.33448    0.31355    0.29391    0.27566    0.2589    0.2437    0.23014    0.21828    0.20819    0.19999    0.19389    0.19034    0.19034    ]
